x1 x2 classe
1.945366 2.270675 0
1.220113 2.036086 0
1.667195 3.708035 0
4.717101 3.090107 1
2.436807 3.666979 0
2.371687 2.554555 0
5.701798 2.651885 1
0.946573 1.869943 0
2.317079 2.640853 0
0.937830 2.942268 0
0.747504 3.245688 0
6.658303 3.380803 1
5.362106 3.754141 1
5.913363 2.620561 1
1.603414 2.466875 0
2.548671 2.515699 0
6.693373 3.505163 1
1.997443 2.431288 0
2.027103 3.295919 0
6.620444 4.653758 1
1.880214 3.386597 0
2.034842 3.204979 0
1.977799 3.359234 0
7.046154 2.579860 1
1.867107 3.206830 0
3.298524 1.752326 0
5.393910 2.811032 1
6.233808 3.238065 1
4.806006 4.903684 1
4.931468 2.628481 1
3.061625 2.288107 0
5.375147 2.472546 1
1.091088 2.349798 0
5.365065 3.441016 1
2.235792 3.277722 0
6.430058 2.532664 1
5.647235 2.046540 1
2.600097 3.455614 0
1.351116 3.795194 0
6.359968 3.404103 1
2.193826 2.138527 0
1.838488 2.263556 0
2.129518 3.303378 0
6.346660 4.067696 1
6.229131 2.788008 1
5.589144 3.068146 1
1.768894 2.854215 0
5.765964 3.074352 1
2.463376 1.605499 0
2.924089 2.357336 0
6.250911 3.489004 1
1.757388 2.246474 0
1.305753 3.567601 0
6.877498 2.849376 1
3.872462 3.671893 1
1.085345 2.606965 0
1.999911 2.872998 0
1.214822 3.104970 0
5.600139 3.476934 1
1.138546 2.751863 0
1.709598 3.402621 0
1.054279 1.902533 0
6.341750 3.897244 1
6.443433 2.722346 1
1.599922 2.381580 0
2.786143 3.065005 0
2.191027 4.170917 0
2.576095 3.429285 0
6.306668 1.801542 1
2.012039 5.269885 0
2.743843 3.391300 0
3.542769 2.061698 1
6.612769 2.951700 1
2.325506 2.861667 0
6.880097 2.857735 1
1.520772 3.187900 0
5.553718 3.100534 1
4.790064 3.211865 1
5.355421 2.610633 1
4.863606 3.798714 1
5.726424 3.511281 1
1.386117 2.740147 0
6.147093 2.696015 1
6.036673 2.298292 1
7.256715 3.521733 1
6.177235 2.760211 1
5.605413 3.156913 1
2.940076 3.755910 0
5.944746 3.443057 1
7.739699 2.749147 1
3.117251 3.313304 0
2.298957 3.220492 0
1.964206 2.994107 0
0.766587 1.599386 0
5.300135 2.955219 1
6.959807 3.566447 1
0.856509 3.014995 0
1.824582 3.100428 0
7.538269 2.800926 1
5.918104 3.238381 1
6.637800 3.017602 1
5.699835 3.860990 1
2.161249 2.839545 0
6.642888 2.864044 1
6.429454 2.827136 1
7.236452 2.796830 1
3.060286 4.170052 0
5.917396 3.170372 1
1.550806 2.448156 0
6.696329 2.854703 1
1.491852 2.403300 0
1.932521 4.132188 0
3.913666 2.223754 0
3.194459 3.571708 0
2.516833 1.870098 0
2.474773 3.327192 0
0.385058 1.980341 0
2.065021 3.173428 0
1.794400 2.335771 0
5.441605 2.753253 1
4.944901 2.839158 1
5.952393 3.095948 1
5.543905 3.120631 1
1.777468 3.170137 0
5.652344 2.485044 1
5.620529 2.525660 1
2.534045 2.716166 0
2.338299 2.754622 0
5.290213 3.215261 1
6.103618 3.680633 1
6.098772 2.371481 1
1.894722 2.627336 0
1.485524 3.428015 0
3.745234 3.351888 0
3.755503 3.567983 0
2.040259 2.859886 0
7.387194 2.995330 1
5.857967 2.148732 1
6.077587 2.478526 1
6.486945 3.091066 1
2.272981 2.215191 0
3.135596 2.410431 0
6.312990 2.618985 1
5.589609 2.505860 1
5.750178 3.177600 1
3.315575 2.890822 0
4.071329 3.092334 1
6.025620 2.824660 1
5.709160 3.059452 1
1.254992 3.229163 0
3.764780 2.187641 1
5.982599 2.754558 1
5.786856 3.104341 1
1.708333 2.935750 0
4.422742 3.331487 1
5.752060 2.624874 1
6.035258 2.256535 1
1.461931 3.420562 0
4.520500 4.265419 1
4.638983 2.350855 1
6.310610 2.433071 1
1.998614 3.289618 0
6.075982 2.983143 1
2.477648 3.256481 0
1.303956 1.836271 0
3.611625 3.079575 1
1.181731 2.677712 0
5.273299 2.522279 1
7.059015 3.446461 1
4.780671 3.219661 1
1.769449 3.469295 0
2.322657 2.204137 0
6.794046 3.452764 1
5.134824 3.082161 1
5.330908 2.849612 1
0.761536 2.514391 0
2.762690 2.618512 0
6.364301 3.069707 1
1.552195 2.812903 0
2.373316 3.631975 0
0.812228 2.426286 0
2.642253 3.081706 0
0.956981 2.864719 0
5.852160 3.717658 1
7.581400 3.158119 1
5.453748 4.035181 1
1.218329 4.350871 0
3.401368 2.904141 1
5.419013 2.754304 1
1.308240 3.697075 0
5.089077 4.077936 1
3.128429 3.567781 0
1.093875 2.697584 0
6.459198 3.321435 1
5.917658 2.903341 1
6.586912 3.278475 1
2.165658 3.239574 0
1.714168 3.226642 0
5.351140 2.843396 1
4.527046 3.139862 1
5.940950 2.548147 1
2.062777 2.761283 0
5.271591 2.041392 1
6.783638 3.832820 1
6.351020 3.386436 1
6.688054 2.383423 1
7.555189 3.747009 1
5.404004 2.892324 1
7.339122 3.427208 1
5.326255 4.205858 0
3.150081 2.584644 0
2.110013 2.588180 0
5.838144 3.155180 1
1.749582 3.357519 0
2.573624 3.039979 0
6.222872 2.308089 1
3.307417 2.657898 1
1.215965 2.813038 0
6.734519 1.783007 1
6.058669 2.847653 1
6.207433 2.635526 1
2.595499 2.550527 0
6.244628 2.307197 1
1.144778 3.347333 0
2.131084 2.678990 0
1.858802 4.292420 0
6.195411 2.660890 1
2.055523 3.350456 0
1.448403 2.857203 0
6.917659 2.890837 1
2.094762 4.466845 0
1.671111 3.018582 0
2.288102 3.290367 0
3.220998 3.351683 1
6.571262 2.616866 1
5.922992 2.874690 1
4.679989 2.914854 1
2.774600 3.253975 0
5.347914 1.888601 1
5.191158 3.040101 0
3.651449 4.499429 0
1.968694 2.542442 0
1.889711 3.679600 0
6.031018 2.724171 1
5.933603 2.506118 1
1.669807 4.576748 0
5.953573 3.197002 1
1.527951 2.915001 0
1.697318 2.764415 0
5.677038 3.069981 1
4.151622 3.256718 0
6.335260 3.023758 1
4.987842 2.409438 1
5.883022 2.934721 1
1.585447 3.199320 0
2.182542 2.050086 0
5.630653 2.870299 1
2.670066 3.011808 0
6.347952 2.274689 1
6.663616 2.296242 1
1.714988 2.926625 0
3.008624 3.970277 1
5.808728 2.886980 1
2.045373 3.054704 0
6.352648 2.989373 1
1.487154 2.911323 0
6.719628 2.862450 1
2.143787 1.910614 0
2.913737 2.818383 0
5.297177 3.626480 1
2.461486 2.645901 0
6.691331 3.145914 1
2.465177 2.927599 0
3.607152 3.096257 0
3.705859 3.745881 0
6.055619 2.960296 1
2.598042 2.243461 0
6.205557 2.973148 1
2.401343 2.689449 0
1.858878 4.054877 0
5.969416 4.199958 1
2.830292 2.283561 0
1.933139 2.652508 0
6.017764 3.578749 1
3.112918 2.988076 0
6.176367 2.278886 1
2.073214 3.735055 0
2.976848 2.603524 0
6.653750 3.590288 1
4.715263 3.033148 0
1.590653 3.586459 0
5.137845 3.513459 1
5.772668 3.285740 1
1.130069 3.603890 0
1.551019 2.633267 0
2.647376 2.345549 1
6.143449 3.126014 1
5.999576 3.554555 1
5.320303 3.894251 1
6.484299 3.247110 1
6.709729 2.152312 1
1.957742 2.518413 0
1.379712 2.715137 0
1.191545 1.909916 0
1.212211 1.942626 0
3.621647 2.950333 0
1.929918 3.149112 0
5.244720 2.107916 0
2.833138 3.218834 0
5.203607 3.251264 1
1.814924 2.508832 0
6.549910 2.928174 1
6.194735 3.545457 1
5.862229 2.895507 1
1.720356 3.974079 0
2.752296 3.239616 0
5.330361 3.393481 1
2.608484 3.075308 0
0.521499 2.806942 0
6.432339 2.129728 1
2.049113 2.650097 0
4.758134 3.769382 0
5.610769 2.928034 1
2.003686 3.271708 0
4.930052 3.551866 1
2.285737 3.070645 0
6.158887 3.847168 1
6.521782 2.656524 1
4.873383 3.730167 0
5.998595 3.279798 1
5.663287 2.535491 1
5.593830 2.042783 1
3.534593 4.044971 0
6.048572 2.144128 1
5.810279 4.128871 1
5.411141 3.207124 1
1.490735 2.950617 0
3.236518 1.965464 0
2.294217 3.301798 0
6.372254 3.617126 1
6.006724 2.499777 1
5.848375 3.134187 1
2.699043 3.044963 0
5.786100 3.393244 1
1.754650 1.507669 0
5.645199 3.931492 1
1.647035 2.452105 0
2.178334 3.174356 0
1.272049 2.671439 0
4.466603 4.046194 1
3.579715 3.167503 1
6.268376 2.677083 1
4.768656 3.473436 0
6.047918 3.074521 1
4.668050 3.157358 1
1.666796 4.153322 0
6.046036 2.976869 1
6.322485 2.423913 1
3.123944 3.363799 0
2.420081 2.022389 0
6.853111 2.774389 1
3.024866 3.167411 0
6.944279 3.459953 1
2.884137 2.531953 0
3.919817 1.590101 1
2.348837 2.611732 0
1.230824 3.203959 0
1.690787 3.882778 0
1.533353 2.174667 0
5.461611 3.252331 1
2.097009 1.834235 0
2.795172 2.847768 0
1.646930 2.395509 0
6.188941 2.031473 1
5.927626 3.955208 1
6.561616 3.381461 1
2.015338 3.135621 0
6.810254 3.422962 1
4.474230 4.664927 0
3.048137 2.669005 0
5.684032 3.339462 1
6.484852 2.283810 1
1.050919 3.313759 0
3.663571 2.804973 0
6.138161 2.739384 1
1.469159 3.366367 0
7.191180 2.255148 1
5.254896 1.996689 1
1.852481 1.708581 0
6.195059 2.819063 1
1.687079 3.530150 0
3.004051 3.062779 0
4.699022 3.414016 1
1.808936 3.506804 0
6.431534 4.282927 1
5.131669 1.668316 1
1.476077 2.111846 0
5.187951 2.864952 1
2.179627 2.475039 0
2.525888 2.437118 0
