x1 x2 classe
2.645997 3.179606 0
7.150162 3.123922 1
2.052530 2.757914 0
1.875248 2.941129 0
2.464199 2.437174 0
7.459867 3.429665 1
2.451869 2.624905 0
6.621470 3.196891 1
7.349886 3.102683 1
6.747565 2.574649 1
7.398460 2.077592 1
1.755907 2.723876 0
7.338970 3.491456 1
7.043513 2.429316 1
6.578282 2.843586 1
6.085550 2.309309 1
5.957229 3.041575 1
1.767246 2.710654 0
6.947179 3.833056 1
2.206222 3.131430 0
6.774532 3.475606 1
1.791849 3.871156 0
1.898436 2.842672 0
1.668152 2.020373 0
1.768444 3.345513 0
7.373164 3.812580 1
7.138146 3.210806 1
2.534092 3.571971 0
1.245086 4.025417 0
7.678570 3.111575 1
1.826834 2.569852 0
2.502038 2.925125 0
1.287581 2.759257 0
1.817810 1.782767 0
0.924999 2.581359 0
1.089693 2.165954 0
7.930993 2.459328 1
7.057352 2.781150 1
7.083216 3.687258 1
1.641795 3.396249 0
2.479398 4.134291 0
2.746792 3.341040 0
1.300903 2.367400 0
6.372763 3.073907 1
6.740479 2.313925 1
5.947553 3.385945 1
2.824288 3.727082 0
6.541272 3.044049 1
6.804988 4.040233 1
1.793503 3.869299 0
7.178934 3.324754 1
2.020572 2.496756 0
6.683697 1.975673 1
6.249382 2.870908 1
1.099060 2.580941 0
6.613764 3.245491 1
6.133598 2.341702 1
7.580648 3.199629 1
2.968063 3.503246 0
6.530455 2.955199 1
7.845629 2.520040 1
2.619141 3.028270 0
6.723725 1.983581 1
1.838226 3.907902 0
7.631257 0.805692 1
6.891409 3.917518 1
1.734697 1.587870 0
7.769453 3.193206 1
2.470437 2.929663 0
1.210831 2.019273 0
6.757571 3.864959 1
1.805500 1.487069 0
1.906394 3.227808 0
6.363745 3.195491 1
7.043112 3.331253 1
7.873812 2.811950 1
1.490369 4.659547 0
2.322025 2.454652 0
2.830028 2.912909 0
1.497498 3.879961 0
6.655843 3.143899 1
7.574471 2.528852 1
6.814461 3.450316 1
1.518249 1.804222 0
1.142946 2.642231 0
6.690990 3.517997 1
6.109460 4.006078 1
7.603603 2.877778 1
1.828101 2.353044 0
2.187895 3.389666 0
3.058091 2.246101 0
7.742975 2.026676 1
0.907711 1.609798 0
7.511783 3.483629 1
6.625424 2.620416 1
7.966266 2.664147 1
1.519072 3.132754 0
7.002621 2.357988 1
6.775472 3.229285 1
7.348164 2.229971 1
1.986728 3.258939 0
2.468947 2.309158 0
6.335248 2.068852 1
6.135106 3.478713 1
2.981965 3.149358 0
6.712342 2.683575 1
2.942280 3.792531 0
2.776087 3.622191 0
7.433450 2.118572 1
1.381009 3.487296 0
1.490380 2.468386 0
6.523516 3.277073 1
2.368380 3.533489 0
0.876578 2.576725 0
2.029193 3.024149 0
3.080313 4.392780 0
6.746085 4.664755 1
2.955125 3.748756 0
1.926732 2.428111 0
2.029946 1.950621 0
1.871022 2.983740 0
1.320088 3.048566 0
2.108445 3.126212 0
0.849657 2.929586 0
6.997402 2.418858 1
7.154502 2.887884 1
2.629854 3.361674 0
6.296852 3.602228 1
6.510234 3.053781 1
5.447335 3.383363 1
7.652845 2.815420 1
7.224423 2.853547 1
2.182092 4.147837 0
7.198308 3.388958 1
2.909748 3.764429 0
7.526226 1.731034 1
6.542903 3.543413 1
0.878241 3.423939 0
7.289986 3.164447 1
1.068407 2.932635 0
6.590062 2.881029 1
6.792495 4.015564 1
6.519907 2.342197 1
2.131266 2.759961 0
7.371571 2.371162 1
1.341400 2.780564 0
1.883663 2.597128 0
6.743424 3.172344 1
2.198709 3.212405 0
6.950017 2.521526 1
7.158000 2.608539 1
1.857928 2.880078 0
6.234924 2.148349 1
1.623672 3.423629 0
2.262327 4.280278 0
1.282630 4.274197 0
5.471656 3.291388 1
7.138951 2.440038 1
1.571566 3.663276 0
6.490113 3.003448 1
0.869571 2.122369 0
6.514586 3.838332 1
0.875691 2.306286 0
6.057228 3.038147 1
1.510152 3.115494 0
2.376051 2.963098 0
6.744934 3.426693 1
7.233866 2.154709 1
7.703369 2.496573 1
5.990261 2.641576 1
2.483820 2.646993 0
7.016944 3.299462 1
3.779806 2.937846 0
7.387066 3.442772 1
3.243407 2.588933 0
1.731303 3.875854 0
1.896445 2.808604 0
1.530304 3.803734 0
1.544513 2.740018 0
6.015262 2.173180 1
5.872406 3.606766 1
1.026484 3.183801 0
6.462780 2.540097 1
2.879903 2.211542 0
2.223639 3.534298 0
1.807493 3.893538 0
7.343081 3.011673 1
2.635132 2.225011 0
5.757766 3.408602 1
7.488277 3.186768 1
7.817084 2.520880 1
7.711545 2.668031 1
6.905745 3.188626 1
0.795603 2.522381 0
1.956061 2.801239 0
2.042158 2.682401 0
7.063746 2.574695 1
7.473951 3.794328 1
7.150724 4.081356 1
1.292370 4.460237 0
1.599595 3.089706 0
6.935072 3.099852 1
2.280518 3.729174 0
6.594880 2.839091 1
6.385895 3.627936 1
2.561776 2.845192 0
1.357977 3.913996 0
6.898225 2.375088 1
2.190885 2.459485 0
6.680439 2.453618 1
2.135052 2.548060 0
7.026917 2.938900 1
2.357336 2.778441 0
6.775168 2.713479 1
2.658426 3.291926 0
7.893592 4.282620 1
7.633121 2.872276 1
2.226330 2.652124 0
7.257012 3.171843 1
2.183452 3.398388 0
7.096544 3.532875 1
1.379759 3.619559 0
1.767073 2.929620 0
7.361917 2.943303 1
6.598265 3.337792 1
1.886246 2.347669 0
7.660973 3.090063 1
1.493517 2.307253 0
3.851033 3.353282 0
7.211154 2.629974 1
7.728760 3.727012 1
7.173364 2.218222 1
7.351398 2.610969 1
2.609199 3.205292 0
2.431056 2.518973 0
1.873185 1.885885 0
2.246351 3.157004 0
7.118429 3.076216 1
1.946966 3.483374 0
6.531783 3.920014 1
2.254755 2.287146 0
2.108381 2.064409 0
7.482413 3.530770 1
2.953351 3.630595 0
5.945576 2.607405 1
6.944312 3.453843 1
5.446670 3.422114 1
2.237281 3.154114 0
2.680472 3.590281 0
7.384359 3.536376 1
2.618853 2.896072 0
7.025914 3.291695 1
2.531992 2.448865 0
0.413684 4.078045 0
6.628265 3.023179 1
7.524492 3.092950 1
7.292863 2.917740 1
6.608943 1.993034 1
1.983851 3.845413 0
1.465493 2.579021 0
1.490680 3.064016 0
1.512103 2.557063 0
3.680121 2.751316 0
7.497671 2.139124 1
1.956233 2.943053 0
6.938173 2.906683 1
2.133094 3.256089 0
2.162382 3.182841 0
1.623888 3.378401 0
6.506553 2.464677 1
7.541236 2.987587 1
7.755100 2.796413 1
2.214673 2.603846 0
7.068904 3.290350 1
7.728665 1.608830 1
2.178249 2.874894 0
2.094798 2.790325 0
7.085903 3.387845 1
2.736279 3.690308 0
2.212601 3.099983 0
1.689708 2.930308 0
6.973458 3.197832 1
6.737802 3.492983 1
2.649949 1.577165 0
7.914714 1.799824 1
2.482639 3.148503 0
6.194163 3.109594 1
1.659552 3.264200 0
1.206434 3.720625 0
2.387220 3.172767 0
7.115397 3.493243 1
1.656105 3.321538 0
2.642683 3.371523 0
6.631292 3.915281 1
7.453979 2.934920 1
7.806363 2.934353 1
2.110942 3.790252 0
7.310781 3.470172 1
2.307671 3.085528 0
2.838759 2.376462 0
7.426047 3.828282 1
6.716353 3.243049 1
7.590205 2.978189 1
6.793899 3.380669 1
7.955408 2.650194 1
1.522820 3.191709 0
1.400416 2.777918 0
7.797325 3.267762 1
7.641300 2.262419 1
0.993594 3.667839 0
6.266604 3.196010 1
2.006988 3.731707 0
7.462840 2.826300 1
7.635235 1.717746 1
6.127330 3.318301 1
7.098667 3.072302 1
2.652292 3.369074 0
7.612193 2.983735 1
1.273564 3.411366 0
5.892021 2.227768 1
1.084745 3.663115 0
6.691237 2.524099 1
7.142565 2.422604 1
2.314175 2.878570 0
7.471069 2.334018 1
7.687792 3.193518 1
6.536347 2.117228 1
1.779126 2.388625 0
1.187775 2.150896 0
1.047995 3.164055 0
1.478858 2.985966 0
1.546951 3.122423 0
2.297735 3.131563 0
2.227487 3.485081 0
1.987504 3.174667 0
6.480524 3.645564 1
6.467207 2.631194 1
8.039897 3.543538 1
6.714600 3.427080 1
1.292005 2.572981 0
8.426175 3.459779 1
7.427864 2.521102 1
6.832119 3.355720 1
1.912108 3.372783 0
2.048602 3.206052 0
7.524460 2.623348 1
7.145241 2.597092 1
6.306175 4.613008 1
5.796329 2.265610 1
6.855862 2.357298 1
2.958643 3.014641 0
2.110763 3.155697 0
6.644615 1.950769 1
0.858024 2.763492 0
2.259170 4.219224 0
1.427668 2.344323 0
3.240202 2.512842 0
1.543267 3.115499 0
2.199407 3.199874 0
2.365531 2.597340 0
1.926861 1.611215 0
1.007277 2.635395 0
1.835037 2.916027 0
6.511896 2.345023 1
2.517992 2.307103 0
1.802631 2.735579 0
1.228846 2.585188 0
7.674541 2.351368 1
7.494352 2.994977 1
2.221920 2.697175 0
7.681913 3.228431 1
7.434050 2.401340 1
7.425617 2.759010 1
7.863660 3.775404 1
6.588860 2.936664 1
5.491842 3.102459 1
2.041657 2.379912 0
1.880944 2.656197 0
7.514513 3.652359 1
2.557341 2.397691 0
6.260615 2.308610 1
1.439559 3.437066 0
2.320738 2.417802 0
7.267205 3.728504 1
1.590612 2.158277 0
7.652882 2.438402 1
1.113343 2.854165 0
0.631010 2.688955 0
2.678533 3.837442 0
8.351452 2.314362 1
7.662259 3.385016 1
7.265612 3.059938 1
5.992947 3.408167 1
2.084360 3.338252 0
6.407750 2.492029 1
2.301088 3.320601 0
2.025812 3.544683 0
6.684475 2.570735 1
7.088446 2.976898 1
1.967707 3.336114 0
